6000 3
236 152 78
148 189 201
111 85 199
25 200 213
194 126 109
242 210 181
40 30 232
222 115 180
102 165 178
76 151 244
40 204 33
140 251 210
108 246 203
44 145 238
52 5 217
185 194 50
191 110 119
200 82 24
226 250 158
40 112 253
253 119 108
177 32 73
63 146 133
70 134 136
163 208 3
8 23 114
95 41 117
97 136 7
155 82 199
107 41 249
54 47 193
184 21 254
222 110 58
162 114 233
2 168 9
54 64 117
10 159 230
190 236 111
68 6 110
201 38 16
33 133 40
188 249 199
86 124 53
114 4 205
24 205 54
209 74 75
94 174 141
179 245 187
247 135 247
177 207 39
226 194 236
219 27 133
240 204 61
85 205 124
231 115 124
85 26 216
94 9 214
191 40 188
217 40 191
235 193 118
77 151 199
96 108 80
229 197 106
186 147 9
38 28 4
86 215 39
162 35 237
126 178 13
231 131 224
218 160 215
90 159 129
47 10 147
58 158 42
54 168 74
180 148 233
180 174 1
239 153 232
45 113 178
57 57 164
213 64 84
95 36 42
71 36 86
84 70 184
241 82 120
220 47 217
132 237 127
15 211 34
156 191 171
220 181 162
149 184 120
79 1 173
80 81 86
229 57 198
102 116 92
142 77 186
169 6 246
53 39 92
222 155 225
157 50 123
124 125 206
215 203 146
162 174 5
161 94 241
60 220 141
246 200 167
124 0 157
76 127 223
62 180 76
196 203 99
19 35 223
138 159 65
164 155 184
93 55 154
30 233 159
239 1 37
207 36 74
15 10 32
187 81 43
230 204 222
66 119 246
144 170 44
94 250 38
74 121 137
100 200 201
223 44 96
5 137 20
156 62 90
124 183 29
126 254 70
204 63 35
202 6 42
141 1 130
62 28 17
105 151 249
107 81 153
209 191 54
137 244 42
14 117 151
240 12 62
208 15 201
39 168 173
159 74 169
194 249 40
190 194 247
132 59 198
183 174 31
146 95 157
243 166 172
5 171 192
8 211 211
236 204 159
60 158 196
160 39 108
232 31 18
94 38 13
206 234 130
87 46 105
218 17 44
127 250 178
204 181 136
212 234 108
87 223 227
34 21 135
38 179 154
63 127 174
208 123 208
216 117 232
69 11 7
123 83 124
216 247 75
204 214 33
173 155 188
237 80 79
125 70 193
6 97 194
112 10 185
25 132 12
55 117 47
221 229 148
99 10 165
10 246 75
176 132 228
239 167 79
28 47 6
103 75 208
133 80 146
113 57 118
131 110 84
105 150 15
41 164 141
235 255 26
36 174 130
111 232 169
25 128 185
148 237 247
91 121 207
200 158 60
215 247 14
107 15 223
24 21 84
80 206 107
123 83 46
119 6 53
38 155 236
118 16 212
163 240 247
42 6 125
248 128 44
153 249 65
210 63 212
59 205 75
198 155 72
228 44 27
137 22 58
156 24 223
119 24 104
67 233 31
92 177 27
217 173 190
121 35 250
184 215 82
215 225 62
23 121 120
69 30 52
28 235 77
23 136 203
193 3 149
230 236 70
187 99 233
30 215 69
89 31 21
198 105 87
2 161 198
161 52 147
175 179 88
35 78 108
10 44 145
128 119 16
124 28 55
47 103 41
102 154 238
5 209 206
214 207 188
73 107 28
25 237 166
255 151 60
91 219 222
67 251 96
106 30 43
61 99 63
59 229 53
196 184 202
159 28 127
151 138 193
119 33 17
172 220 196
100 151 180
109 126 148
217 153 238
122 9 58
98 66 82
45 187 85
138 134 3
70 17 153
242 251 63
143 209 227
244 204 164
86 191 67
210 59 56
245 116 133
213 254 241
137 247 161
235 203 4
122 62 15
71 153 242
97 74 28
86 243 104
79 17 36
137 94 37
102 89 239
33 101 246
203 2 26
188 248 103
128 33 191
162 28 65
124 157 190
22 41 138
162 17 44
92 233 14
57 54 216
185 81 132
15 31 91
191 107 169
131 97 199
89 5 243
23 209 213
116 115 1
246 19 207
206 53 181
79 168 122
211 52 221
69 88 244
39 94 174
248 114 190
104 88 89
122 252 18
122 89 218
216 114 109
163 148 52
121 225 47
22 193 135
80 132 207
161 0 73
139 176 115
10 164 232
34 27 164
102 246 67
139 49 37
199 13 153
48 39 219
210 221 218
183 73 224
152 138 157
238 81 43
36 240 240
74 194 160
50 155 25
103 135 162
132 101 177
120 216 145
178 52 246
162 24 94
113 24 103
138 8 37
170 168 134
99 215 37
239 82 125
220 24 188
23 31 136
102 161 15
7 195 235
100 173 30
171 225 7
41 206 174
175 183 147
87 65 134
142 65 54
40 237 99
8 188 252
130 193 108
60 222 137
56 54 160
60 87 111
48 51 186
181 24 159
43 224 37
145 169 204
192 32 107
205 145 131
91 51 125
229 89 135
75 185 135
84 43 36
133 172 172
7 187 130
132 75 211
62 226 234
43 20 73
37 7 106
221 128 214
0 29 97
241 226 229
51 39 106
74 191 19
48 67 76
93 147 193
58 182 54
91 106 178
246 155 201
211 83 138
31 110 139
111 240 175
102 56 52
166 51 213
168 167 110
4 222 237
88 222 67
11 158 42
201 98 137
151 236 253
12 91 138
174 192 145
99 255 143
177 254 36
241 110 194
201 95 83
24 179 185
208 122 140
3 45 13
3 49 80
110 72 8
119 94 182
26 244 62
57 73 171
210 240 156
236 120 114
3 6 60
251 108 1
147 209 60
45 14 172
29 211 242
177 18 32
248 184 218
165 162 222
59 158 246
86 56 87
186 241 121
56 122 188
56 208 158
58 40 226
45 87 137
82 116 17
87 74 177
29 159 99
249 67 210
47 168 128
126 145 89
232 254 104
237 231 181
83 247 230
28 241 235
96 31 126
196 79 97
90 20 249
157 5 201
184 109 173
110 134 211
163 163 233
95 33 42
143 247 130
187 143 212
251 23 155
57 141 178
166 112 68
224 113 127
241 142 170
51 144 131
22 74 81
231 66 156
9 76 145
82 240 227
33 249 150
73 139 47
114 86 253
36 139 36
57 44 5
29 67 54
33 28 149
139 222 189
140 197 123
147 57 188
124 78 87
137 12 119
102 82 192
217 77 40
15 203 247
81 224 240
106 98 247
121 43 250
128 48 36
149 155 207
118 109 140
5 213 61
151 20 171
216 7 70
64 243 162
171 6 213
55 52 70
45 43 149
1 241 89
163 97 35
75 129 192
112 155 240
26 128 25
159 125 20
182 218 193
95 197 66
83 94 2
210 76 186
40 31 181
6 231 27
140 19 73
157 77 235
120 158 15
9 49 246
105 157 184
178 231 10
136 34 85
14 233 222
82 12 103
252 152 245
100 249 43
235 197 178
254 238 170
152 81 135
26 21 200
53 68 243
72 184 107
87 98 171
233 150 187
4 111 83
5 168 190
226 145 251
111 93 202
16 9 124
120 129 249
127 234 13
168 55 13
234 69 210
75 88 29
118 159 35
92 174 202
50 151 175
204 194 82
104 149 199
161 182 110
16 241 2
86 163 225
116 164 13
11 159 235
199 89 27
97 173 110
228 218 158
23 219 60
55 100 208
217 71 222
57 182 67
0 126 83
205 198 246
41 197 195
90 153 1
17 75 126
147 254 240
66 94 153
154 156 94
103 206 157
116 28 79
52 34 90
226 165 208
94 155 58
12 254 217
105 41 40
73 25 167
93 155 45
57 211 232
105 22 255
67 245 36
124 91 14
131 183 47
166 153 216
252 217 171
173 64 130
160 80 70
127 112 191
48 239 187
113 194 84
167 196 48
80 8 190
195 42 48
13 146 35
133 114 160
113 63 61
152 219 33
69 24 242
250 100 90
133 41 64
9 15 250
167 177 213
37 237 66
214 130 101
242 83 12
7 212 196
27 168 47
136 212 64
141 45 142
202 24 247
31 177 4
11 93 51
216 83 17
97 159 131
21 186 157
254 231 149
196 9 190
149 233 195
123 63 206
7 177 72
168 236 22
62 20 152
1 110 240
61 222 65
228 20 86
107 47 8
123 35 142
234 67 31
165 221 84
148 100 195
240 187 202
167 210 194
118 219 9
29 225 129
151 103 226
93 248 70
139 227 156
3 193 58
145 203 168
41 148 240
199 13 101
59 171 224
224 162 11
64 87 203
130 149 159
52 64 140
35 203 58
110 116 18
112 17 182
203 224 42
248 147 232
147 105 59
155 60 141
128 216 160
213 235 35
140 80 31
245 222 105
186 78 58
193 131 151
139 125 171
193 179 141
75 233 75
51 28 121
81 32 225
248 21 160
168 12 65
93 201 32
94 37 192
146 235 5
214 220 25
74 245 222
93 161 93
193 2 119
211 5 176
216 207 13
221 170 225
185 115 13
84 17 116
60 188 68
198 115 214
252 177 185
206 179 224
59 152 124
252 105 198
238 250 237
203 114 226
244 191 161
86 3 246
139 148 46
131 139 62
165 145 36
215 50 142
237 92 76
16 51 171
25 45 67
7 20 67
151 201 130
213 164 222
85 164 66
78 62 115
107 38 61
234 215 43
20 102 127
222 70 136
195 238 206
96 224 181
199 241 122
134 30 7
151 172 115
145 6 46
14 235 202
136 86 211
26 106 87
236 165 202
247 182 92
176 14 112
98 160 238
236 177 206
95 13 22
89 212 28
33 162 119
125 227 102
7 201 235
62 140 20
104 223 147
115 188 35
195 183 202
29 50 71
186 194 205
175 147 35
141 126 204
85 223 160
83 175 195
87 166 115
18 155 139
170 62 138
211 244 253
77 194 223
230 143 81
242 32 73
118 154 8
222 128 121
124 138 36
190 87 157
255 47 227
26 225 64
130 89 62
68 125 129
23 207 135
69 173 193
42 119 239
241 48 101
228 40 159
36 250 135
101 0 213
96 33 29
127 150 26
216 78 167
114 92 121
247 102 162
198 192 235
136 119 239
124 237 31
111 226 21
24 238 49
89 212 26
43 208 155
50 74 2
155 80 22
20 231 149
253 222 108
216 228 185
86 250 171
75 30 7
100 122 2
155 55 203
115 177 169
193 249 45
44 204 96
88 205 6
213 35 1
97 202 39
62 184 96
75 177 110
135 42 220
37 244 3
214 50 64
32 233 78
186 251 61
227 231 20
30 123 71
76 250 155
52 239 157
186 207 24
138 100 250
73 224 176
151 111 43
75 53 154
13 232 255
7 138 142
76 65 233
104 43 189
185 90 223
48 238 148
82 217 126
125 37 207
13 34 127
114 157 109
207 20 125
144 163 153
96 233 141
255 7 220
234 197 28
38 173 245
132 73 215
218 144 101
227 219 30
148 121 63
248 221 167
81 34 188
108 167 130
17 210 101
214 4 222
8 190 56
9 112 110
248 2 48
156 112 145
52 151 131
24 85 239
191 2 185
24 43 182
39 3 0
92 51 172
245 185 72
93 56 15
197 36 178
45 119 47
38 51 138
178 180 234
209 232 253
30 247 147
14 179 164
56 134 74
113 216 110
103 180 32
120 12 213
85 178 111
230 8 39
144 205 43
216 20 199
100 227 151
89 104 29
205 42 159
61 129 159
62 54 22
136 167 131
144 197 234
75 165 112
239 76 40
225 8 122
240 63 138
73 138 172
217 57 242
40 34 142
152 139 144
80 63 178
164 80 52
187 14 60
29 225 116
118 36 68
169 149 213
134 48 16
139 246 143
120 125 34
130 90 47
150 254 130
79 191 228
192 72 208
58 73 250
173 192 175
171 172 237
204 180 168
173 34 81
125 21 135
197 159 22
225 239 207
143 147 134
183 52 133
159 49 131
244 112 38
109 37 110
84 238 180
90 21 177
215 20 23
11 212 254
255 88 82
171 92 158
128 52 68
184 167 218
241 117 229
214 168 86
5 23 75
182 170 207
229 186 105
231 1 119
158 174 203
225 127 42
53 216 62
78 101 59
100 120 38
50 78 125
231 152 21
49 71 159
126 151 16
174 119 208
125 207 87
91 120 61
201 215 254
227 122 239
9 73 204
238 94 156
160 206 39
225 219 23
195 219 252
145 130 70
244 212 186
42 229 132
240 3 194
15 23 235
172 2 70
37 235 217
96 214 167
103 200 22
188 234 142
29 234 27
58 31 216
150 235 224
30 175 244
77 122 93
75 171 145
42 43 95
47 6 157
127 86 76
114 31 116
130 162 217
176 185 59
252 231 40
52 240 62
212 149 20
206 188 102
141 113 61
184 166 153
44 241 251
121 190 184
114 51 37
120 143 15
83 40 146
232 81 125
194 21 58
43 177 31
124 254 156
15 233 180
59 82 91
53 73 164
141 103 91
150 60 23
45 4 202
0 70 82
152 140 163
95 16 27
210 151 84
77 100 37
246 30 83
221 250 87
237 17 214
127 150 112
65 254 147
213 230 152
90 191 178
157 46 218
242 96 216
201 121 15
137 36 20
215 36 26
49 18 241
232 253 76
119 7 136
10 80 143
142 158 5
94 128 216
17 230 70
36 91 50
168 84 79
248 120 138
55 169 246
141 124 7
212 122 170
92 37 219
8 65 245
41 90 233
213 222 111
93 69 114
236 19 182
140 63 59
187 132 147
213 73 182
68 87 186
172 230 179
132 88 42
191 255 166
105 78 149
51 80 247
202 197 244
159 79 58
149 20 237
242 200 185
246 133 252
20 245 14
111 217 173
13 118 192
96 23 28
243 252 113
44 164 91
161 171 126
238 130 90
144 31 25
160 115 178
223 96 200
36 143 78
121 171 164
200 151 1
86 213 14
79 223 149
162 47 173
111 131 110
92 47 199
39 142 233
198 207 38
206 225 6
38 225 0
68 185 169
134 82 191
59 166 224
101 201 19
237 56 144
246 148 157
255 35 14
221 180 187
68 167 110
46 57 50
200 223 140
148 114 112
213 154 51
92 169 215
103 35 198
27 33 198
230 140 159
245 204 185
41 129 241
93 21 100
79 35 3
208 158 51
208 29 79
173 194 49
214 212 90
57 233 211
67 139 252
147 199 169
214 107 38
88 206 179
240 38 190
243 166 139
167 4 197
105 183 65
228 143 143
184 94 255
123 28 99
132 132 155
233 65 125
70 253 225
242 224 81
134 86 3
11 22 51
173 184 193
156 196 51
33 71 112
206 228 73
135 23 145
230 153 160
121 47 39
211 167 47
54 171 139
38 235 165
255 135 185
121 74 97
15 46 227
186 132 215
34 189 40
185 28 52
42 222 83
150 88 158
218 100 196
15 20 123
252 105 253
160 5 107
251 225 229
3 27 64
52 44 203
182 237 166
30 203 12
187 241 208
34 86 132
87 140 77
235 251 108
194 5 200
253 211 97
42 173 185
235 89 38
23 135 122
50 190 143
249 77 223
208 56 107
192 125 95
9 231 131
252 182 20
184 132 41
129 171 163
181 122 82
241 63 243
122 210 151
198 180 234
22 47 125
218 8 123
50 137 5
122 118 224
219 13 155
68 106 142
174 1 12
20 31 118
95 86 180
139 101 9
70 139 232
179 140 166
188 16 37
216 238 136
232 122 133
129 199 214
195 88 21
221 139 61
229 127 108
159 120 105
120 251 177
45 187 180
138 217 64
28 77 229
106 25 101
227 20 135
204 142 215
119 84 35
253 33 53
106 28 106
186 135 210
157 103 222
226 128 252
203 40 213
53 38 83
198 173 0
206 183 215
255 109 231
203 139 143
37 52 91
18 91 211
170 197 219
180 41 243
50 73 35
7 3 127
31 4 163
26 40 28
105 197 60
183 202 201
161 0 222
175 254 184
237 8 119
46 151 159
99 156 136
171 80 226
79 44 161
94 50 248
77 119 228
167 143 173
207 111 224
162 13 180
176 111 160
4 21 153
184 167 92
161 6 199
110 93 217
106 219 60
231 92 177
97 184 133
101 129 24
91 154 34
189 195 27
76 17 109
121 106 108
52 36 235
233 170 89
165 17 91
124 197 242
194 93 98
173 36 96
89 139 224
234 47 86
174 248 219
22 208 16
195 39 66
83 104 108
73 24 212
168 115 133
37 170 129
49 167 86
112 103 16
84 218 159
171 57 139
200 158 179
48 62 34
94 138 42
212 204 157
187 103 161
73 104 57
182 128 118
142 222 212
217 58 196
124 135 199
69 39 10
0 0 86
138 199 128
174 49 21
178 2 235
139 201 185
146 128 250
1 210 157
85 164 106
182 33 13
157 145 5
252 125 71
97 109 202
231 239 91
77 32 86
200 129 205
63 17 101
230 213 79
106 38 171
169 175 160
21 1 173
224 196 103
71 53 143
218 111 245
156 71 158
150 242 159
193 205 147
246 247 180
93 91 14
215 127 62
108 5 50
121 96 166
97 230 74
86 233 144
246 184 253
240 126 140
29 109 207
30 163 219
18 164 60
15 58 49
56 60 163
106 102 27
28 25 51
224 251 28
84 179 215
1 122 248
153 50 251
210 114 118
119 85 21
198 209 77
43 14 61
196 115 168
133 112 70
177 196 217
132 15 209
189 24 243
53 117 113
5 121 36
184 170 248
17 199 221
143 230 43
59 5 209
237 132 34
199 46 58
255 229 151
1 248 83
157 76 167
137 129 184
173 138 134
97 96 255
26 50 244
211 120 107
235 215 7
245 59 113
94 21 162
49 195 106
15 112 144
114 46 205
113 143 169
145 198 136
237 111 230
194 142 224
242 107 163
97 204 76
159 166 245
194 133 248
13 254 199
8 124 254
120 157 42
188 170 17
62 255 191
104 254 173
102 194 189
37 12 35
53 135 246
3 176 219
204 95 110
228 174 3
227 35 250
72 200 29
163 234 177
110 168 97
73 8 87
211 229 65
240 166 148
122 37 114
91 89 174
221 169 208
158 207 162
160 188 26
22 81 186
128 176 212
151 219 115
249 155 147
20 237 181
40 127 74
40 34 33
203 145 206
86 80 235
30 5 141
23 13 111
237 166 254
187 15 212
144 196 98
230 77 198
153 83 130
189 219 168
60 141 69
247 172 199
144 37 45
15 9 79
45 204 83
71 180 95
41 41 132
134 55 201
200 148 242
113 118 132
198 222 126
172 107 121
25 81 245
98 137 51
16 100 164
82 25 229
93 198 168
215 110 132
65 53 135
80 203 83
61 119 152
117 242 55
81 142 236
92 14 108
117 42 19
188 213 25
195 122 162
47 50 27
173 42 229
23 249 190
198 51 61
110 43 223
131 171 130
146 209 244
178 166 209
147 81 134
133 194 130
115 50 85
192 135 62
145 154 123
40 56 153
143 51 245
103 247 84
225 13 196
21 86 137
26 100 36
19 38 240
130 222 230
216 192 106
40 188 87
200 34 213
217 144 41
23 174 205
89 173 67
96 9 88
254 34 232
87 28 21
172 51 197
109 43 36
169 139 11
226 180 140
61 58 47
186 162 44
8 118 160
34 33 193
247 216 22
145 22 210
251 192 11
217 55 244
109 160 81
183 194 162
130 53 155
109 76 69
49 80 144
220 188 35
139 195 94
131 22 247
106 148 118
14 144 126
145 127 99
93 40 223
79 70 48
108 169 209
237 125 43
122 156 182
202 27 123
58 181 85
58 113 2
36 238 85
6 207 197
214 17 163
222 33 63
21 159 74
102 187 224
123 162 171
212 112 199
174 164 53
227 126 52
137 248 214
119 15 193
93 53 208
187 116 243
190 150 30
116 206 249
20 81 65
57 94 132
160 201 103
96 136 120
200 162 186
26 231 90
196 119 191
180 0 45
246 108 113
23 129 216
236 102 109
112 222 234
236 160 191
106 180 102
178 200 74
95 87 18
39 160 43
1 198 116
60 245 210
96 47 109
68 182 168
24 68 32
135 129 231
155 22 19
190 148 177
119 19 206
209 184 220
72 34 129
105 108 227
33 69 46
61 154 231
174 53 120
86 148 136
224 196 202
57 232 177
224 137 8
82 222 239
186 227 146
195 104 118
181 136 160
49 38 65
126 231 52
68 181 197
137 52 111
30 105 198
95 78 239
10 223 69
198 143 141
95 161 244
180 90 188
155 193 226
252 132 98
204 131 192
82 130 235
78 243 42
170 152 155
152 224 214
91 14 46
96 12 191
228 231 196
28 22 205
33 88 65
70 39 202
71 140 107
74 131 129
47 9 186
52 75 179
172 82 157
109 115 163
217 156 146
144 10 76
25 203 112
224 220 180
64 237 227
236 82 156
70 24 210
79 204 160
164 67 30
18 89 17
31 174 6
152 4 121
93 28 186
176 9 17
32 54 41
151 204 11
221 160 90
105 23 58
106 175 236
29 198 231
96 49 121
15 120 77
137 135 230
73 204 8
56 190 176
133 188 55
17 116 137
47 45 215
172 194 204
112 122 100
23 60 113
68 78 214
171 29 68
140 189 5
61 206 159
164 4 33
21 46 146
212 187 30
10 81 201
20 188 162
192 47 147
90 55 14
164 50 76
18 198 62
164 11 116
26 182 203
133 77 128
226 37 113
114 17 107
119 50 212
210 187 135
222 240 225
171 182 98
211 192 30
34 18 150
73 95 26
40 74 41
165 247 94
205 247 126
164 203 14
248 109 206
32 54 175
38 167 234
179 247 139
26 232 194
31 63 216
188 248 60
80 127 184
93 81 53
167 215 34
210 179 219
76 178 197
42 2 233
5 127 233
104 212 53
45 27 198
159 199 103
81 198 219
216 149 221
156 127 104
17 189 68
24 116 242
93 208 134
211 76 158
191 209 219
216 19 78
214 212 185
72 184 198
254 126 205
125 233 197
83 0 187
162 107 180
145 184 98
42 84 246
132 164 19
199 178 184
176 42 141
57 60 187
186 55 103
120 82 101
166 92 201
208 78 4
39 70 166
232 77 191
4 253 148
62 47 221
216 143 94
186 6 70
236 87 164
69 68 169
216 54 101
66 159 10
233 86 113
37 73 52
117 210 175
37 73 93
240 200 7
232 152 184
37 18 89
140 53 172
205 127 94
153 48 229
111 162 254
175 165 216
69 127 185
158 136 143
71 235 198
100 239 12
169 212 40
229 81 227
22 138 49
11 113 181
18 154 18
82 113 24
42 67 99
168 52 55
72 40 78
84 9 138
108 244 106
174 181 91
197 37 13
201 95 10
62 4 232
33 50 61
74 8 236
212 158 102
210 175 120
21 51 16
61 50 8
71 178 5
60 121 155
112 15 143
171 37 98
21 211 39
77 41 158
205 232 235
244 112 72
108 108 105
92 222 30
135 254 218
88 110 133
210 254 193
55 226 173
141 65 1
178 98 193
166 112 234
234 181 210
128 32 175
177 70 111
92 149 249
214 151 70
64 104 142
129 190 111
243 172 41
97 210 193
98 161 62
130 112 218
41 18 239
237 201 93
247 174 14
63 218 82
10 24 114
205 204 190
176 117 27
140 177 178
238 38 130
78 69 86
113 95 119
70 1 207
107 67 109
83 160 57
44 184 250
108 128 132
151 9 209
167 145 86
177 24 31
44 204 138
91 232 16
191 237 33
154 173 101
200 56 255
211 66 147
116 166 112
213 221 49
59 68 104
60 195 36
145 78 241
137 42 147
132 0 100
244 150 252
188 254 250
194 16 50
204 164 139
200 195 218
70 200 117
76 127 27
120 28 113
54 33 100
222 227 203
161 201 105
43 39 9
111 74 19
30 42 51
125 196 110
227 130 190
169 155 77
206 98 188
163 187 59
36 69 70
32 103 255
57 207 102
247 148 184
29 115 206
12 3 137
123 37 235
113 210 31
119 251 252
134 85 17
173 74 141
191 120 84
231 3 43
82 255 243
229 140 193
235 152 35
90 18 237
71 99 15
234 202 3
169 11 41
70 52 137
7 74 188
210 193 42
149 144 169
43 107 153
71 85 8
112 218 9
240 119 19
46 169 142
161 182 113
43 147 6
236 37 207
2 218 56
246 1 68
40 158 213
77 2 75
103 35 35
73 248 193
95 32 162
145 29 186
43 187 188
37 220 20
152 29 113
100 20 119
47 101 101
79 38 184
242 184 194
173 226 46
83 27 69
20 160 21
210 233 62
110 223 176
85 15 64
182 103 45
60 82 242
202 252 217
42 217 172
147 220 106
231 6 37
91 171 117
47 225 24
127 37 218
0 8 33
227 252 137
145 12 25
192 122 50
43 196 83
101 6 207
166 251 162
23 159 21
249 176 63
30 123 108
9 150 160
145 117 3
192 101 126
119 92 203
117 47 207
192 182 77
196 11 150
158 172 18
152 252 63
28 41 229
217 87 163
173 254 216
0 194 129
194 96 138
3 137 18
49 49 197
105 153 56
200 195 200
202 233 106
191 183 195
176 75 13
121 105 124
53 70 225
179 169 59
130 248 252
24 112 165
1 237 35
139 244 138
125 160 231
87 130 94
64 245 114
235 245 28
193 74 68
84 178 196
81 189 107
125 9 50
11 237 83
241 234 61
19 7 18
130 239 204
225 122 182
239 43 148
28 65 218
96 236 111
231 116 51
21 40 250
62 44 226
208 237 166
96 190 24
28 205 167
127 118 240
156 95 3
2 239 37
86 138 6
189 46 148
132 243 163
199 120 76
183 135 254
30 110 168
170 232 57
202 84 41
83 31 217
156 175 85
27 72 241
219 210 169
118 169 200
200 120 4
133 214 201
21 101 51
229 68 168
145 24 95
106 70 4
206 131 214
247 101 202
1 212 187
236 12 221
240 2 160
165 60 255
170 115 17
195 118 36
106 188 100
63 4 97
42 174 238
40 65 48
69 23 254
28 11 238
41 209 8
92 34 129
117 129 154
165 111 196
136 205 128
66 162 6
20 84 201
117 253 202
103 238 182
209 203 222
77 217 34
158 58 213
13 36 16
8 56 168
75 65 163
13 194 212
42 115 12
51 247 152
250 220 146
243 220 144
22 209 185
176 101 47
135 40 188
15 249 112
228 244 51
40 106 32
95 211 32
113 86 108
10 40 71
98 160 180
208 244 161
68 99 145
93 125 101
150 211 187
155 155 203
221 252 173
56 114 190
127 146 254
65 41 179
88 206 222
219 15 205
98 151 161
58 177 22
106 201 3
167 75 20
205 17 207
227 56 252
83 235 168
162 152 218
158 163 255
134 211 69
200 28 226
90 240 197
158 171 94
175 158 119
232 64 115
205 143 147
227 215 218
182 71 218
68 2 145
99 183 82
105 149 160
232 119 180
220 52 153
30 126 103
149 233 105
20 21 143
27 236 183
234 2 69
11 202 35
144 102 41
127 222 38
164 161 244
155 168 149
213 1 39
222 28 190
204 168 110
137 239 108
64 172 127
140 147 194
220 49 15
135 215 99
202 7 76
57 92 111
153 38 45
90 189 52
70 138 94
164 224 67
105 197 160
131 165 117
85 146 140
244 38 22
141 237 76
181 109 38
115 70 132
125 230 167
166 186 7
87 132 149
18 106 158
188 167 148
207 216 217
52 131 34
165 199 119
186 55 89
192 99 235
134 113 92
157 91 174
180 179 204
120 45 206
112 127 60
162 3 6
157 181 243
5 254 79
120 128 255
71 77 93
104 151 143
54 7 107
36 176 169
107 39 98
127 242 132
33 226 174
42 4 200
200 212 81
136 77 146
236 24 102
55 172 149
197 191 170
235 115 17
158 253 247
111 2 34
117 182 214
156 188 91
41 116 35
21 225 0
22 5 120
216 42 28
106 21 126
236 25 82
72 164 71
223 50 187
197 109 47
40 234 217
230 53 40
137 102 112
52 70 84
122 243 33
240 238 34
190 211 215
214 213 140
160 177 101
160 105 218
128 127 239
113 224 96
222 94 124
160 147 4
224 65 181
131 74 138
157 142 197
153 170 66
74 44 24
250 121 144
22 202 19
62 117 56
214 129 117
186 39 159
164 226 148
16 119 61
114 234 64
221 231 156
234 207 32
245 121 68
119 223 154
36 65 211
230 151 86
125 76 72
253 141 24
90 204 66
198 226 181
169 127 82
132 231 53
124 186 247
15 17 95
169 252 189
227 157 194
214 244 210
121 232 47
78 132 25
220 137 70
14 211 177
46 188 90
115 204 92
79 124 3
59 177 243
235 138 34
123 137 250
20 172 227
243 193 38
174 106 33
135 150 78
73 131 161
220 154 9
58 248 65
111 127 231
91 45 175
87 154 111
14 22 140
218 58 156
150 35 233
222 217 139
225 29 24
46 173 142
188 65 228
101 62 162
137 212 122
248 249 239
221 224 74
68 181 25
157 128 242
97 253 68
156 195 162
160 138 138
205 5 151
174 252 26
139 72 175
221 184 80
193 132 195
143 150 182
43 41 219
48 118 68
155 115 147
215 58 198
39 219 151
121 109 182
37 218 239
145 117 116
238 235 19
35 134 116
140 51 198
141 210 123
105 208 61
197 56 207
43 171 136
76 67 43
72 207 240
89 8 248
139 91 73
14 246 159
22 58 47
193 114 97
127 76 147
68 246 168
13 231 251
231 114 111
213 200 63
214 49 29
221 211 214
38 220 212
15 248 161
189 179 146
135 163 39
130 197 197
113 249 227
24 81 125
27 195 3
35 218 64
76 127 202
125 24 19
190 147 203
193 249 247
199 7 163
254 42 204
118 102 124
100 239 45
228 252 202
134 3 14
1 254 207
14 6 180
244 172 185
199 208 95
146 208 192
11 130 67
244 111 61
65 159 162
241 161 96
144 9 194
57 8 207
154 193 4
173 24 17
2 67 64
124 199 87
194 73 120
85 55 72
131 32 29
141 220 49
189 162 149
55 48 15
205 98 93
132 246 202
90 179 121
101 106 214
38 210 76
53 21 244
71 246 70
116 2 155
128 152 128
117 38 180
154 24 92
143 76 229
161 127 84
11 15 79
104 183 13
182 35 194
182 22 200
192 180 150
84 250 228
55 41 100
137 212 164
131 223 191
136 46 67
158 188 212
238 46 207
23 157 220
196 207 60
238 59 78
53 192 28
174 165 186
125 205 25
78 54 217
83 105 77
6 12 9
27 143 71
77 93 11
7 192 18
218 116 90
116 53 240
200 65 89
23 235 218
240 4 116
146 203 154
220 166 80
18 252 220
211 204 154
44 187 226
244 81 249
57 28 84
40 145 127
132 113 203
113 50 80
213 198 234
154 231 152
57 173 118
27 53 55
156 68 97
101 59 20
41 148 122
77 100 113
149 20 79
115 30 94
36 246 75
51 95 48
39 109 134
84 61 213
159 20 46
182 233 190
119 11 86
40 49 239
130 227 195
178 194 119
84 14 213
157 182 83
214 31 129
236 227 20
215 71 82
41 100 193
120 218 53
27 215 25
129 179 168
215 115 182
199 55 121
250 123 108
130 38 8
92 5 190
124 125 30
91 150 223
168 175 169
210 166 198
95 112 61
18 95 51
101 118 87
253 150 124
28 82 184
77 12 128
129 170 140
59 232 123
227 208 42
6 125 98
214 243 205
55 64 58
77 128 192
98 176 34
35 46 206
80 214 108
16 0 105
138 68 133
126 111 91
140 228 210
223 94 35
56 99 67
59 171 128
45 70 129
227 58 136
175 250 179
41 23 192
226 218 151
145 231 173
123 91 215
122 212 219
219 106 237
169 113 249
103 134 172
48 138 69
160 32 95
184 226 146
72 169 47
83 124 202
101 66 144
75 42 178
58 44 133
135 91 37
206 228 95
55 16 243
166 183 116
127 79 199
45 110 234
120 69 126
6 196 196
115 100 99
211 210 165
177 119 49
164 61 67
220 188 21
41 16 4
211 118 170
228 175 99
61 138 214
88 122 55
28 122 175
50 142 178
139 43 225
196 0 14
19 189 4
194 153 218
111 218 223
144 156 253
36 221 90
202 169 102
47 32 153
124 115 242
175 161 187
49 116 251
44 142 8
178 182 152
68 198 33
218 240 232
164 18 24
210 190 229
169 46 178
214 111 97
72 137 83
143 49 146
114 50 148
216 66 132
6 45 231
144 122 236
183 41 74
211 116 194
64 234 56
65 206 175
185 214 86
215 59 55
137 28 255
248 157 46
48 60 58
23 65 186
126 151 32
90 83 139
44 67 137
196 129 66
98 224 29
80 149 125
184 35 34
133 31 132
31 46 109
245 34 38
54 208 219
144 86 78
59 166 33
223 123 14
133 198 155
146 96 132
244 12 66
16 39 175
211 119 242
67 13 74
42 109 196
214 107 252
243 29 36
97 106 178
236 214 139
197 63 149
57 107 207
10 190 122
172 230 10
57 109 155
175 149 16
97 181 1
59 184 164
2 171 82
151 218 22
198 158 98
167 246 87
125 53 114
243 12 69
110 104 126
107 27 107
244 185 44
97 155 51
221 121 108
89 148 138
30 58 252
178 17 174
13 198 133
243 125 140
254 115 219
178 253 98
136 245 206
173 175 195
104 115 148
21 89 71
131 77 129
102 100 56
123 76 241
137 55 79
136 32 124
105 87 162
156 165 182
255 160 122
201 158 128
246 178 128
47 243 90
2 13 103
45 65 162
210 3 190
77 105 113
0 183 184
21 146 161
17 221 58
37 52 239
166 117 200
205 141 114
190 92 56
207 44 230
21 142 72
177 60 247
239 243 37
96 37 15
54 242 172
56 160 144
207 220 199
82 192 7
51 222 152
185 39 75
45 101 41
26 108 87
230 123 18
34 202 22
193 236 225
195 29 113
112 219 105
241 17 219
135 242 237
255 163 104
220 168 71
64 254 199
154 188 52
84 99 247
172 110 107
149 157 183
74 14 85
205 253 106
191 115 61
76 26 200
128 197 183
137 175 19
124 39 200
87 212 51
82 13 214
136 45 12
76 210 103
241 192 19
187 32 183
12 24 136
180 58 13
79 202 248
46 74 90
87 23 66
237 239 9
0 89 77
133 47 113
253 158 234
220 143 64
158 184 42
73 245 52
240 212 247
10 64 200
187 117 217
194 193 240
12 78 229
117 171 162
120 78 173
250 84 105
113 16 254
56 21 24
235 42 147
172 170 233
47 162 221
1 37 224
179 129 47
49 244 59
253 109 15
234 87 218
207 192 113
198 118 236
167 173 161
39 174 113
214 7 206
115 54 161
105 176 104
149 248 160
215 94 15
4 157 157
38 102 83
34 136 147
244 231 211
178 28 130
56 167 112
68 14 38
196 125 177
243 7 150
237 217 32
52 253 15
18 182 68
163 178 134
72 206 16
139 159 33
90 105 39
69 64 240
85 10 152
101 48 2
168 15 225
151 68 36
196 62 5
223 226 7
200 146 92
200 138 117
227 29 235
174 45 23
129 47 107
224 19 213
253 202 238
244 250 159
116 136 117
28 94 109
250 188 26
230 33 174
32 131 219
217 49 90
211 87 178
193 95 91
149 79 65
152 206 242
12 95 34
47 163 132
172 253 151
233 134 36
232 202 204
25 221 223
216 86 193
251 230 152
25 114 255
131 126 10
209 164 141
6 83 188
51 176 35
114 157 84
76 160 174
88 22 109
187 103 129
128 67 10
190 115 116
169 87 239
246 56 72
34 102 203
223 210 159
4 135 235
21 138 211
59 175 221
82 93 22
91 147 198
54 187 210
161 116 121
200 109 59
122 89 172
115 208 39
48 10 70
40 254 62
0 226 64
107 242 90
230 196 138
187 90 28
229 236 74
201 171 64
84 65 212
10 242 92
171 40 63
85 153 240
177 162 68
9 147 45
152 53 21
137 196 231
195 1 232
163 43 38
24 102 59
229 95 229
244 184 100
172 251 36
192 39 254
185 113 13
163 254 176
66 34 150
103 224 210
4 245 209
168 40 43
141 15 91
98 198 37
39 70 248
242 124 17
57 216 210
114 130 122
104 138 98
151 82 131
169 26 101
165 241 242
161 68 17
77 144 200
181 175 89
145 169 133
100 94 76
202 226 142
233 150 161
3 53 90
189 94 112
14 169 98
77 124 232
115 45 79
255 169 12
10 178 110
71 106 1
139 6 91
243 123 112
130 198 92
252 152 205
134 144 229
123 117 250
31 133 96
139 130 208
225 67 57
192 31 85
127 248 116
71 106 228
103 242 229
236 226 224
215 131 87
37 22 163
92 69 180
232 116 82
24 42 107
16 214 93
97 190 135
203 40 87
210 24 179
244 54 174
69 99 151
95 83 76
150 90 163
72 197 167
62 59 223
110 89 222
163 131 180
98 225 250
73 66 139
96 120 239
112 27 118
90 124 196
94 187 90
86 88 155
14 244 185
103 2 7
237 18 144
121 251 20
190 206 127
229 188 58
83 49 204
254 224 12
107 82 244
53 192 114
191 144 71
225 8 0
175 127 24
101 200 128
117 187 252
167 44 144
228 43 57
29 211 250
132 166 199
16 46 45
218 232 83
205 12 16
201 41 180
54 93 158
86 98 52
61 231 239
0 150 53
124 132 242
218 240 227
137 53 1
18 85 223
154 22 145
80 4 223
196 32 208
211 208 146
190 212 240
171 237 63
201 173 42
187 119 32
126 235 66
147 204 137
117 255 211
73 80 227
200 186 22
64 37 252
64 105 56
238 80 93
36 149 111
224 60 98
24 41 79
30 190 179
56 36 215
68 249 26
130 155 159
80 20 207
31 187 25
232 234 113
203 146 133
255 208 154
88 152 56
166 24 3
180 16 53
58 3 41
175 26 153
50 225 184
110 62 126
208 225 239
224 78 153
236 84 143
104 213 178
171 6 52
154 91 169
108 227 93
145 227 31
238 61 89
54 171 6
252 36 133
243 123 242
62 23 245
16 21 241
80 159 7
195 169 228
166 130 85
90 236 206
97 150 66
47 248 72
73 27 119
249 89 114
95 60 255
148 182 35
157 230 173
177 188 78
157 212 245
107 138 89
86 55 43
69 133 164
29 175 148
139 158 192
3 186 126
220 144 80
212 13 73
140 58 212
152 178 201
98 58 128
32 252 124
114 249 68
18 132 222
142 67 236
147 23 32
174 33 244
10 251 65
142 242 145
181 250 247
43 231 174
69 187 153
79 36 133
164 192 4
149 205 198
78 124 223
25 42 4
122 248 61
57 69 163
210 216 113
41 218 92
160 159 135
97 90 222
8 142 149
99 64 153
127 179 164
190 143 181
240 195 236
35 39 226
150 163 121
190 219 109
0 60 14
13 129 74
70 232 132
65 244 193
229 53 129
231 165 35
74 216 1
187 223 17
151 216 198
178 143 183
130 164 217
70 0 249
79 195 253
100 189 111
10 49 72
94 187 97
40 206 173
106 230 77
230 18 151
214 118 234
65 128 8
102 166 217
123 151 152
72 110 38
240 37 212
59 86 57
124 165 184
32 220 30
122 51 159
209 149 154
96 140 45
28 43 0
91 3 195
176 72 29
102 80 24
106 93 134
176 167 77
226 252 173
146 139 144
109 37 206
104 236 255
98 113 138
168 94 115
83 47 57
182 60 187
9 90 66
126 236 12
151 164 135
174 245 65
205 95 106
176 204 200
59 43 79
197 204 4
94 206 248
159 234 232
26 63 80
102 204 159
50 137 63
182 47 42
232 107 227
20 40 198
156 180 133
89 178 136
201 9 4
198 74 218
240 137 115
230 233 46
89 100 23
71 17 71
63 114 55
3 247 105
168 201 116
148 63 146
159 43 83
15 101 180
82 170 179
30 186 144
178 96 4
189 3 54
81 245 10
195 233 47
6 173 14
117 239 70
43 90 117
65 156 255
88 35 253
180 150 12
106 4 167
190 225 189
216 253 156
26 45 151
130 221 125
55 70 185
29 141 126
231 38 74
182 97 44
24 171 50
19 149 226
223 80 242
34 66 49
56 233 73
114 160 8
179 213 188
249 107 160
230 105 67
77 197 180
112 158 46
137 241 120
159 87 248
237 117 81
175 245 92
234 130 78
67 32 203
4 13 33
6 106 180
70 254 236
213 105 239
174 37 123
128 111 40
30 79 229
59 184 56
141 196 132
19 251 75
199 198 155
117 101 166
91 203 71
42 209 83
155 239 46
3 182 160
131 141 160
66 137 151
49 223 36
128 249 135
123 29 59
105 40 103
55 211 173
127 51 161
35 188 89
0 49 123
0 32 202
187 126 140
3 34 208
249 13 176
208 33 49
244 42 155
109 7 130
16 76 173
91 81 110
222 64 129
141 105 3
20 13 142
172 163 155
206 109 117
209 188 236
249 37 198
32 73 41
164 112 176
54 172 122
149 198 181
169 112 41
128 166 158
217 67 138
134 53 168
163 195 126
11 175 55
221 45 102
210 179 15
98 70 180
43 221 41
149 60 119
188 98 69
222 103 51
214 35 227
40 189 172
210 205 176
157 2 118
157 98 200
116 227 219
160 92 110
20 61 61
54 253 214
4 240 158
241 210 119
34 46 239
60 16 90
216 171 161
217 221 31
120 132 183
199 103 101
231 222 255
82 25 91
115 181 46
188 149 87
244 78 52
5 171 186
170 83 35
55 27 109
134 48 47
214 201 5
1 119 120
169 246 202
248 101 217
11 175 246
134 41 132
55 4 11
66 158 86
123 37 177
226 100 136
25 220 58
136 203 5
111 174 229
53 188 48
171 64 9
41 33 143
231 70 97
119 178 230
142 194 107
14 251 222
63 29 4
57 164 253
5 213 58
254 215 4
152 50 252
249 168 207
121 118 67
247 16 200
242 240 5
39 201 82
72 226 170
34 57 130
176 250 47
91 240 30
213 115 247
40 65 44
242 205 86
48 238 143
195 5 24
88 0 197
12 153 170
28 4 210
122 21 195
152 101 17
41 211 31
15 130 7
178 194 192
179 219 16
142 109 199
234 35 70
197 236 94
225 131 50
101 16 127
222 218 47
7 152 81
224 244 166
8 51 39
71 197 125
138 176 116
168 2 59
129 210 219
36 195 46
73 216 18
55 255 247
21 209 171
235 21 88
185 20 31
142 83 217
30 88 234
165 116 191
117 143 25
60 56 20
165 198 192
89 42 223
174 89 59
114 123 184
121 211 28
48 241 5
213 219 10
213 162 24
250 94 184
170 17 87
226 56 83
112 184 220
46 228 85
49 132 129
12 171 223
130 82 119
166 246 224
151 248 119
33 240 180
149 80 4
251 156 62
132 49 86
216 47 89
52 223 103
71 34 139
162 246 51
108 9 234
215 142 170
181 72 133
62 68 211
55 128 36
163 172 81
88 112 51
101 64 132
42 43 120
113 90 93
58 134 160
45 24 166
6 161 140
84 70 160
88 57 182
157 16 209
246 85 30
231 26 15
198 0 7
127 239 227
53 15 108
34 236 63
115 92 23
152 83 211
242 84 105
14 53 201
95 13 104
142 59 37
86 124 72
164 254 97
237 199 8
106 175 70
90 10 98
219 59 19
201 204 100
85 134 61
228 170 65
133 113 47
122 238 188
21 176 255
156 60 55
41 77 209
5 143 115
68 236 234
198 226 77
42 213 139
27 113 46
101 186 35
15 75 152
54 150 101
71 53 134
166 169 55
130 42 43
23 173 218
224 171 11
32 200 71
235 108 80
155 63 117
212 177 224
58 68 246
15 16 130
46 211 180
126 254 248
230 39 36
249 84 154
227 198 26
207 152 200
90 138 71
218 50 23
96 159 131
95 65 27
75 70 48
1 240 135
210 150 72
233 56 194
66 198 25
16 253 230
221 245 231
101 237 109
229 5 174
141 172 236
244 245 75
173 49 29
176 217 121
149 217 142
222 241 92
31 70 122
167 251 185
57 139 56
106 1 221
177 215 247
197 130 33
193 150 33
225 137 242
115 237 144
121 222 72
80 226 49
223 176 254
170 16 176
109 154 214
106 6 220
58 133 31
36 255 192
62 252 54
27 231 218
63 107 251
123 218 39
198 228 34
148 126 171
39 21 87
41 23 190
26 45 224
97 34 254
44 18 245
246 110 244
10 34 210
184 130 0
213 7 146
149 105 145
31 121 161
89 225 92
246 116 106
240 157 118
131 184 161
92 34 6
88 97 240
215 232 237
123 68 186
136 133 149
1 47 56
172 189 119
236 13 4
114 177 98
184 169 28
117 46 255
178 61 117
8 216 191
27 77 149
176 166 209
192 195 137
225 31 75
183 37 200
51 194 142
58 107 46
236 71 158
125 132 154
210 249 155
150 27 190
179 27 206
76 188 143
219 114 86
197 24 46
57 200 91
96 97 9
33 253 238
227 43 148
232 230 117
77 8 145
220 16 214
203 244 90
143 57 39
37 217 223
12 225 62
213 202 157
215 189 2
158 246 233
53 167 67
254 210 193
218 25 183
55 169 210
153 67 6
57 0 1
234 55 92
68 206 55
188 247 33
130 80 149
217 69 179
136 200 172
164 84 139
106 45 169
8 247 201
92 223 161
164 147 150
86 65 29
130 26 20
81 146 188
114 231 248
229 206 53
156 240 230
42 78 146
66 103 232
78 155 59
235 58 28
102 203 128
91 114 141
137 21 104
44 60 150
43 73 244
135 122 169
65 129 229
87 248 8
138 63 153
3 88 9
177 223 17
148 247 22
74 44 251
142 211 123
233 213 194
183 16 243
240 80 238
213 186 183
104 252 201
25 23 236
87 197 87
232 203 131
11 156 177
184 40 4
19 154 225
78 176 48
27 58 59
162 239 64
248 63 121
79 187 180
115 34 11
85 233 255
135 188 55
168 89 119
39 94 81
25 249 101
171 209 91
69 191 115
163 5 175
187 172 46
228 52 250
123 44 178
56 43 213
105 74 148
190 21 193
163 122 9
255 44 25
91 27 208
178 24 59
100 203 135
30 75 117
95 209 143
250 180 227
31 193 180
14 121 11
203 205 46
189 146 170
134 224 238
31 231 23
216 185 111
151 103 218
105 39 100
236 145 111
142 63 3
208 49 55
169 173 73
190 61 64
61 26 90
150 118 251
225 202 247
73 224 188
88 4 37
247 43 122
98 24 189
38 79 171
74 156 138
53 47 201
53 14 75
152 82 44
67 204 137
185 15 24
132 251 122
25 68 235
67 132 50
223 197 210
207 79 189
193 52 217
14 54 72
8 128 39
228 25 210
37 9 203
137 37 27
147 45 252
102 146 148
61 183 224
130 183 167
99 43 68
17 66 196
63 194 145
90 40 28
62 199 153
187 212 16
74 51 196
165 102 180
197 95 96
180 240 106
145 192 176
231 95 48
215 50 59
218 212 142
251 140 219
48 72 128
25 67 32
44 63 9
125 75 22
236 159 227
89 35 92
149 76 56
87 49 171
21 18 78
67 90 99
11 195 23
91 102 243
220 8 71
136 23 186
76 70 19
141 243 163
89 50 231
118 212 21
249 152 89
59 78 111
69 129 32
60 71 179
6 50 115
3 160 179
24 160 187
1 58 139
235 129 2
23 120 92
230 47 238
94 223 6
35 223 27
59 4 137
157 184 69
190 13 244
205 232 177
151 249 176
42 158 17
236 50 211
242 124 204
18 160 180
187 121 213
115 245 61
158 217 51
232 243 57
246 196 108
236 74 95
214 89 233
179 80 235
105 30 96
143 205 249
245 7 242
163 178 245
96 58 160
134 247 105
226 246 43
224 168 154
212 207 130
119 4 222
131 72 4
148 198 126
13 46 110
105 62 48
58 49 56
216 167 90
143 14 5
119 10 239
168 150 210
204 90 72
107 6 129
128 144 193
230 25 112
100 14 95
0 120 74
134 17 245
72 103 191
227 228 33
100 76 91
38 129 196
251 252 105
38 198 255
116 40 187
52 13 153
192 89 244
8 59 174
59 45 40
217 163 81
23 249 254
97 189 211
168 28 89
147 229 44
23 218 37
182 253 242
28 49 138
21 108 122
149 243 98
199 211 39
17 139 170
88 174 70
52 210 16
16 184 48
211 67 69
77 168 120
3 53 3
18 27 189
121 135 11
191 47 10
217 13 22
204 13 179
113 184 77
126 136 247
210 222 236
227 52 236
126 77 58
19 255 40
30 33 97
158 4 223
48 230 221
232 97 12
228 16 141
116 173 220
231 138 149
2 205 142
123 189 251
142 11 183
109 253 19
157 128 35
16 56 107
170 227 241
60 81 86
151 216 8
144 157 215
242 72 125
142 104 17
27 86 104
55 67 212
207 73 62
101 64 252
107 73 223
67 136 108
229 183 68
74 112 37
134 242 34
218 75 31
163 156 9
62 234 223
244 200 247
162 133 93
163 76 126
155 204 120
177 179 86
181 113 120
147 169 158
77 192 178
220 124 111
121 200 2
77 219 60
214 245 132
245 203 119
255 197 95
169 189 250
182 232 140
44 187 50
75 45 173
82 169 214
242 1 225
15 44 150
183 225 164
98 128 152
32 159 149
247 138 166
90 153 135
8 38 151
63 231 85
116 4 177
33 130 55
215 167 105
103 169 204
37 163 84
140 233 165
51 66 35
222 216 130
142 88 81
153 236 76
4 248 49
181 204 96
28 159 162
235 183 36
226 197 52
133 221 191
99 163 222
188 248 95
78 124 136
140 67 103
45 136 230
126 147 128
151 107 242
216 213 97
4 149 233
6 7 136
41 93 248
60 153 189
130 49 99
73 52 152
141 100 158
141 156 155
250 151 54
66 202 126
155 106 137
45 189 217
56 176 62
102 62 74
115 10 29
180 209 140
214 151 6
213 205 57
6 220 249
241 225 184
150 99 239
20 149 236
77 234 77
2 70 181
202 31 70
203 252 71
126 38 236
30 59 89
106 50 85
91 232 195
93 196 68
166 162 167
155 161 23
226 54 135
83 227 105
88 86 230
144 217 108
184 197 107
108 83 83
244 254 64
156 102 19
49 230 123
133 50 90
68 86 44
69 170 205
120 160 105
75 246 204
150 90 11
119 9 123
210 61 11
238 241 33
137 32 42
150 111 133
97 8 136
229 231 140
176 54 6
93 53 127
39 168 35
99 13 45
180 109 188
132 133 131
120 31 8
48 89 241
216 201 248
177 205 125
82 246 230
101 135 246
104 91 8
232 118 183
198 132 227
171 86 117
135 4 69
156 181 97
103 223 174
129 74 27
10 174 204
226 142 137
146 244 99
121 177 90
13 253 49
137 77 68
42 190 236
38 91 136
85 150 87
57 108 198
67 162 124
119 173 110
100 21 5
137 100 133
137 119 39
114 157 109
95 210 40
120 101 70
176 137 57
5 33 191
45 214 30
228 134 44
175 124 226
179 44 54
252 229 30
139 203 44
43 137 79
208 84 10
212 83 136
34 134 155
153 197 248
135 89 161
221 9 119
222 152 244
77 255 67
169 77 120
3 190 23
234 30 20
229 203 49
162 182 108
112 9 219
205 242 247
200 102 130
85 227 6
230 187 7
181 206 42
165 107 113
211 36 43
8 111 156
33 204 78
86 232 183
61 69 127
141 160 210
88 131 101
121 97 28
1 47 148
212 127 131
77 138 41
149 40 110
104 179 88
2 173 131
223 145 64
106 13 9
102 113 174
207 71 79
21 34 142
200 16 208
249 69 140
154 176 178
105 111 1
71 167 221
89 58 107
90 217 106
177 79 165
113 252 90
90 135 201
71 28 179
8 156 9
82 122 15
159 248 80
246 125 122
104 77 168
81 196 245
202 162 155
42 64 196
123 218 197
33 149 204
116 238 35
208 0 147
88 70 106
241 246 126
216 108 174
84 47 239
126 82 122
237 110 140
225 43 26
189 128 108
238 85 18
83 171 118
157 229 192
127 39 27
96 40 255
21 94 8
84 241 186
186 140 221
173 63 43
124 10 234
100 202 18
99 237 228
235 252 93
247 98 27
176 250 98
153 93 8
84 10 90
135 84 114
238 30 150
89 241 210
57 123 179
6 86 155
145 19 59
192 117 169
66 192 50
129 76 255
53 39 119
132 23 219
96 164 142
247 140 118
114 153 233
44 106 91
251 33 171
232 9 5
128 42 193
224 30 170
1 104 6
154 135 229
185 187 63
66 168 214
130 181 52
71 185 89
113 226 28
130 112 178
228 242 132
16 205 179
53 49 49
114 4 126
154 139 129
41 111 53
98 166 89
92 43 113
255 87 233
244 237 252
59 94 251
124 107 196
119 52 185
59 39 145
200 242 104
142 254 185
244 101 199
173 92 191
203 220 116
67 112 61
190 227 140
208 231 60
31 194 44
16 156 96
233 249 245
237 198 183
179 55 27
136 150 137
111 182 209
30 71 5
146 161 249
207 129 253
231 141 122
17 93 150
164 134 29
160 142 150
206 230 187
62 247 166
2 163 159
199 118 142
232 137 28
194 216 84
139 215 117
251 205 38
134 45 243
179 216 201
165 158 7
120 9 77
64 197 97
92 72 113
150 44 190
147 91 50
79 40 193
144 237 185
250 128 69
31 246 61
54 168 53
162 158 14
205 212 170
85 75 142
95 5 40
2 119 247
47 194 227
153 132 92
206 31 215
75 30 153
228 178 90
160 218 253
192 252 79
157 97 228
207 98 41
166 99 192
80 71 194
187 106 233
189 144 2
192 158 227
193 56 230
79 72 124
218 18 109
246 5 122
6 150 15
99 37 47
1 44 248
241 218 5
209 4 229
214 108 80
246 205 185
171 18 177
29 76 34
232 97 196
23 143 212
10 81 204
252 26 244
0 187 48
123 215 255
96 62 106
96 47 122
177 65 57
101 45 69
89 249 224
164 204 182
61 251 66
60 239 240
116 16 93
96 70 213
194 60 164
1 224 105
30 166 69
253 43 42
55 135 87
43 101 245
137 27 158
250 84 175
116 4 9
114 255 175
111 191 64
96 246 98
63 3 249
77 174 82
174 172 77
185 107 45
230 238 15
107 189 85
151 119 241
103 188 185
212 47 105
95 169 239
130 133 254
133 131 31
86 156 40
253 64 221
5 249 126
230 34 47
188 243 32
211 151 26
35 113 45
177 147 193
150 191 224
191 162 200
3 205 3
214 250 152
1 248 31
131 93 63
249 4 65
53 54 219
98 136 214
242 95 226
201 34 88
195 217 212
159 95 9
244 220 3
91 31 110
211 227 5
146 94 33
10 215 49
78 123 176
212 128 144
240 94 246
159 100 188
222 74 85
17 81 174
60 125 220
37 164 167
41 232 62
144 5 30
249 201 160
230 213 109
100 100 4
234 224 85
7 55 29
20 55 62
235 237 197
198 202 215
23 14 171
82 93 83
85 55 193
56 253 136
95 202 236
187 73 119
123 15 57
5 35 114
118 4 241
15 125 162
234 46 88
149 40 150
127 158 170
193 10 188
81 29 38
44 108 147
36 126 235
230 88 121
149 12 126
88 40 44
171 10 87
96 183 114
137 221 67
59 97 80
210 135 63
82 158 210
0 180 108
182 77 18
164 19 74
178 170 216
65 42 225
16 28 35
207 132 47
78 69 120
196 144 58
172 38 178
248 200 230
38 163 118
30 252 4
202 80 133
113 68 149
213 31 235
194 197 150
110 87 170
14 61 101
150 58 124
63 204 115
21 23 91
174 73 7
96 58 115
156 190 132
201 201 171
124 72 150
219 167 140
231 23 149
8 28 89
175 91 250
200 100 94
213 73 254
125 76 212
211 175 81
5 218 219
138 160 157
40 55 18
2 106 157
104 61 167
57 234 146
151 165 150
21 122 104
74 172 91
236 151 219
131 168 246
208 219 23
203 58 138
167 5 125
229 128 143
247 50 232
192 185 40
125 220 3
2 111 124
23 183 177
101 93 205
221 139 206
171 45 214
8 117 160
232 32 49
105 89 165
169 137 159
10 124 54
17 90 154
191 121 11
152 61 35
211 151 49
229 251 206
178 69 176
44 11 49
255 157 216
244 139 1
5 83 201
196 205 201
222 152 16
34 65 36
247 69 235
63 74 227
5 192 121
17 126 34
63 159 129
122 250 99
37 139 108
250 58 40
67 21 212
46 233 99
9 142 135
20 235 237
56 116 177
123 33 140
31 166 125
241 196 41
152 83 16
134 58 47
250 98 159
135 90 173
155 30 123
155 184 156
41 95 202
186 94 30
12 20 239
103 134 146
165 4 128
92 166 26
40 134 13
18 188 112
44 178 191
239 218 23
101 33 178
138 125 240
75 244 8
21 73 46
116 165 242
196 165 80
50 183 163
230 141 129
82 165 167
152 4 97
222 52 244
133 55 123
194 40 157
67 9 10
194 239 23
245 47 194
71 142 148
69 96 109
102 194 199
55 239 158
23 189 149
250 208 4
134 49 214
118 152 66
223 193 216
181 73 34
128 76 27
141 250 14
185 220 207
95 11 128
31 46 180
3 172 130
58 65 211
79 27 243
102 200 1
87 109 36
126 105 83
240 76 75
167 26 148
154 203 10
43 142 144
232 153 41
77 190 219
160 95 233
38 107 106
149 126 50
230 90 171
10 61 155
74 251 156
217 36 12
90 227 206
105 243 125
166 98 206
246 139 168
39 247 178
22 50 220
34 74 50
162 86 149
146 123 17
62 30 93
153 44 142
207 149 142
197 28 68
171 172 161
43 195 13
139 239 89
6 155 217
127 172 253
122 186 114
88 84 0
26 38 230
118 242 75
117 85 99
57 68 108
156 179 85
64 62 239
16 50 32
177 136 225
133 27 49
44 237 59
3 252 136
184 45 11
55 95 92
1 88 51
162 219 87
239 99 120
251 181 108
191 162 186
110 62 199
140 128 163
21 191 47
132 242 225
54 229 46
223 214 32
230 139 78
252 247 118
234 25 9
110 130 228
131 153 4
30 237 166
43 65 100
90 142 25
56 172 74
218 42 55
179 223 229
8 152 51
2 60 133
238 88 253
7 223 167
50 165 32
59 46 30
126 41 177
210 239 123
248 200 233
213 204 199
196 55 97
74 31 140
166 250 150
95 195 171
144 193 93
137 242 159
7 104 251
58 208 75
192 59 124
172 85 7
178 79 58
107 50 134
158 8 20
82 94 163
46 219 152
87 114 142
229 186 63
125 234 177
90 244 171
61 13 171
86 178 190
19 122 17
215 188 50
81 218 150
200 33 124
70 65 38
199 156 169
158 88 97
197 63 79
7 110 135
121 109 240
66 4 27
50 98 26
196 11 220
142 35 241
119 196 13
200 73 114
35 150 97
85 189 164
193 167 247
73 60 64
15 4 54
202 212 195
238 77 179
94 196 117
3 75 199
101 50 129
131 253 22
198 238 145
249 229 236
168 43 186
235 138 202
52 194 82
104 252 33
108 17 231
73 218 213
84 9 81
32 246 99
233 218 134
92 253 190
108 124 253
156 238 200
55 221 51
157 58 23
112 102 81
183 95 164
192 99 250
79 245 22
232 141 213
11 167 9
155 174 57
126 124 76
62 239 246
63 230 176
53 81 1
65 114 188
110 95 26
208 58 133
209 99 34
109 89 97
207 224 112
199 85 224
158 63 207
120 254 123
33 248 129
1 123 118
14 59 241
42 252 87
230 97 244
182 121 126
227 44 247
67 171 157
47 203 149
149 70 136
59 131 149
42 185 178
25 111 87
143 29 134
248 119 86
93 200 12
224 39 202
172 36 146
86 67 181
105 181 5
41 120 227
108 109 230
188 250 126
32 110 168
132 255 228
152 23 86
232 248 48
165 158 112
189 217 105
36 30 152
219 154 152
43 124 155
177 91 49
159 246 236
60 51 159
61 109 19
205 217 23
36 63 166
148 138 3
36 145 219
116 24 191
193 98 219
152 145 206
134 226 17
123 204 27
16 217 86
2 23 187
38 204 207
44 10 122
0 107 241
146 206 25
237 196 159
30 196 105
171 143 232
183 252 77
50 131 205
134 195 207
197 40 73
92 18 6
55 202 24
200 65 2
196 70 85
175 188 161
205 115 5
33 161 144
35 201 102
123 11 9
161 26 37
28 245 112
36 223 213
161 240 151
220 130 235
26 169 82
214 217 105
179 151 115
18 166 136
147 4 225
237 33 55
163 3 247
181 138 96
74 204 173
60 211 52
137 156 214
107 32 73
221 255 111
2 131 184
118 103 248
177 109 112
32 118 164
248 147 66
64 185 29
191 0 92
10 244 54
209 152 237
105 87 115
158 2 179
214 212 143
228 199 73
173 51 161
216 70 184
44 94 60
85 212 113
134 18 207
67 213 142
218 88 136
163 237 39
119 247 67
137 105 172
211 248 248
142 33 218
113 2 121
109 4 168
246 27 102
134 214 70
160 229 146
236 150 159
50 205 13
129 53 149
0 130 51
169 214 116
125 159 153
216 248 58
116 189 135
139 182 73
213 210 93
255 159 199
99 130 115
88 49 194
210 66 66
171 100 242
210 128 219
92 204 75
64 63 174
59 148 112
95 21 183
153 14 98
140 4 158
109 250 218
214 197 39
44 223 151
57 228 4
214 88 242
107 118 249
220 67 159
12 181 202
170 160 58
148 85 64
181 114 240
108 98 228
149 160 208
253 140 3
103 116 230
144 74 9
173 188 136
191 202 32
254 162 40
38 193 32
23 223 202
152 4 245
10 250 24
91 77 248
37 103 79
115 98 235
252 226 101
70 206 241
179 160 181
2 129 43
218 198 20
238 255 111
17 188 13
175 164 163
54 2 77
235 220 105
180 69 190
40 178 184
62 153 86
8 170 221
253 246 45
139 221 166
114 147 77
52 248 125
13 209 236
133 246 145
52 78 210
153 19 240
85 83 2
163 229 125
71 89 233
14 184 204
122 88 167
131 86 158
156 38 0
54 187 178
84 100 32
75 213 140
122 238 127
224 239 168
61 138 181
208 122 48
195 149 6
221 175 146
165 71 86
61 119 89
128 34 224
97 177 94
14 1 170
58 41 97
8 7 14
20 94 126
93 67 140
178 125 140
13 109 22
6 25 70
255 200 222
190 198 181
74 28 1
24 46 7
8 109 114
58 40 97
204 150 130
241 0 235
235 96 27
240 47 30
96 134 193
255 107 196
28 16 55
199 204 84
31 41 169
133 252 219
56 112 174
135 110 255
23 64 143
113 115 79
216 150 134
223 65 36
72 186 74
100 66 206
79 244 156
151 112 194
38 219 133
44 15 67
126 139 107
122 192 179
120 71 240
170 215 51
165 5 251
186 140 44
204 251 69
177 86 103
75 113 23
155 223 92
217 103 181
187 22 171
242 17 253
141 188 85
90 9 133
230 0 67
29 132 210
193 118 250
201 69 29
147 166 77
81 244 35
64 196 188
55 202 211
206 212 136
237 253 146
159 219 147
152 110 1
74 161 91
20 63 150
183 254 229
128 44 216
170 50 248
230 139 169
130 226 72
111 105 232
9 172 167
145 60 94
32 26 238
228 22 21
90 239 104
125 130 15
121 250 118
246 243 209
185 30 204
90 189 253
143 126 181
184 214 206
50 116 200
155 182 255
55 133 55
169 20 195
155 9 29
11 109 14
117 50 61
244 171 57
231 149 7
76 145 48
241 229 219
180 153 132
15 152 252
189 83 34
78 75 16
21 62 140
122 165 103
26 252 184
224 252 191
58 101 109
196 56 229
85 22 233
34 48 214
143 221 32
66 62 83
208 21 1
68 47 228
190 35 52
170 113 132
231 73 64
15 160 230
115 28 243
11 181 135
15 203 100
165 193 20
224 119 188
76 81 99
86 168 169
220 45 217
189 218 62
147 14 147
117 87 30
143 200 229
250 40 169
165 210 160
46 124 79
215 31 213
86 214 167
34 74 151
153 150 120
5 201 227
70 105 232
73 27 32
137 14 175
206 85 226
12 193 76
37 80 121
54 64 241
60 196 29
176 210 120
25 110 72
216 29 149
70 108 132
173 132 208
249 72 154
48 211 72
198 155 124
138 209 160
103 65 98
220 183 52
37 220 249
162 252 174
97 229 23
55 200 52
240 248 145
76 31 193
80 1 92
234 19 58
187 164 222
114 1 13
99 252 15
106 245 112
26 112 141
210 20 112
244 232 39
112 0 70
32 47 73
118 154 210
35 214 155
102 109 132
90 175 105
253 212 108
135 174 112
135 125 250
209 42 210
112 137 48
145 146 233
36 152 18
89 55 83
102 146 160
25 121 131
173 27 206
22 191 93
40 91 57
92 4 204
218 250 35
149 66 128
192 28 119
67 252 222
100 237 201
130 200 150
157 33 124
190 136 59
125 229 17
93 100 116
24 68 43
163 85 73
2 149 171
241 58 98
30 164 189
218 228 40
37 120 11
29 40 145
76 225 114
235 45 190
111 204 42
103 164 248
61 155 60
137 252 228
238 123 119
118 144 188
91 58 224
93 63 218
51 8 191
130 202 47
34 99 189
48 242 157
80 96 149
159 43 213
167 121 151
37 232 37
236 171 99
38 66 202
181 144 150
72 78 35
68 152 238
184 0 120
80 48 123
242 102 153
250 94 127
14 121 98
104 78 83
120 159 77
194 163 179
246 218 243
248 126 166
31 48 255
196 65 60
74 28 88
141 13 180
139 104 1
221 2 186
46 188 164
3 214 38
179 91 128
126 105 254
111 186 91
172 250 178
145 68 118
212 215 97
71 119 69
170 55 228
212 30 178
100 166 82
74 212 225
21 22 248
252 30 225
240 23 110
70 66 152
30 170 79
99 179 243
220 255 25
113 141 253
201 191 209
235 64 118
116 22 129
22 127 132
28 97 230
193 139 182
163 251 7
148 155 119
186 118 81
227 168 101
165 70 169
160 53 177
89 151 117
99 73 169
149 81 97
118 106 16
232 250 12
60 243 222
255 135 59
73 121 191
18 140 108
91 151 100
245 167 193
86 14 221
178 195 181
99 25 22
194 95 155
230 214 203
111 174 235
193 6 241
68 204 254
54 7 8
240 107 197
161 172 118
152 238 25
110 144 24
31 170 2
123 240 16
118 248 185
136 32 175
243 242 97
19 108 125
16 245 51
105 229 59
74 213 104
18 69 54
39 170 55
203 129 214
242 15 181
127 201 63
169 218 231
196 151 122
67 70 87
41 127 17
117 237 150
206 162 75
126 148 79
160 64 224
137 96 216
176 75 54
126 143 225
103 167 238
217 91 133
62 126 158
152 216 150
160 61 180
17 153 135
70 128 16
90 198 4
198 67 103
40 3 225
150 136 2
255 68 134
165 119 240
40 141 84
13 249 214
237 206 203
20 126 193
188 175 95
217 132 73
52 210 125
150 162 169
186 236 69
149 76 175
181 152 171
68 181 5
217 195 217
31 37 132
72 169 95
138 227 71
166 13 76
66 103 58
112 231 207
143 210 123
61 181 245
47 146 152
0 112 89
212 71 182
191 145 215
177 174 33
3 36 169
204 29 252
187 127 225
61 195 42
186 64 169
191 3 149
214 213 238
101 68 64
33 173 119
145 13 18
80 77 127
18 109 131
43 251 166
3 48 41
28 221 71
238 218 93
212 54 114
212 110 122
42 50 159
164 138 75
133 246 185
170 128 195
84 219 98
30 206 5
120 18 91
61 152 119
20 245 207
193 88 61
1 230 102
246 120 213
89 143 178
15 155 204
210 83 76
242 212 127
237 177 203
129 11 101
228 255 24
133 2 44
77 69 210
254 196 3
147 32 182
1 135 76
49 195 245
110 219 128
24 145 108
97 7 113
105 8 77
56 147 108
7 74 178
253 60 188
17 60 93
129 139 106
206 169 192
209 111 225
21 103 60
69 89 35
190 55 14
218 228 223
240 96 172
64 183 32
121 116 148
201 164 133
85 169 88
201 24 44
214 153 170
127 40 159
131 183 244
213 157 159
1 48 241
163 242 174
1 143 88
164 109 166
181 185 36
13 130 237
107 105 255
83 71 47
116 247 175
73 124 225
237 131 16
67 194 108
199 10 178
199 29 8
124 82 175
163 0 60
145 14 46
221 251 62
76 143 128
55 121 200
0 180 98
114 207 19
233 35 27
159 45 112
60 93 186
75 140 131
71 109 196
43 142 143
26 22 78
105 172 67
125 119 147
189 99 184
113 190 98
2 31 5
64 70 191
66 187 43
234 78 79
93 95 181
12 16 109
224 111 96
227 94 228
45 84 215
204 191 147
179 88 208
19 14 131
11 101 221
244 194 150
70 133 101
95 211 2
255 116 111
32 200 172
222 173 114
145 133 159
64 132 183
73 113 152
137 136 80
20 30 91
85 168 173
245 93 231
36 13 209
108 204 14
101 36 207
187 110 151
62 200 221
29 66 130
82 70 58
195 7 201
24 221 37
236 46 158
39 249 169
238 57 154
139 151 13
50 53 44
221 147 213
33 199 152
45 26 20
62 221 179
122 9 216
194 186 143
220 252 10
188 23 120
206 111 195
76 196 5
100 152 163
158 155 11
172 109 70
61 189 144
189 31 15
94 197 142
233 23 219
127 101 42
186 13 51
180 7 95
147 230 0
194 209 193
3 127 194
112 250 207
140 167 74
61 153 163
32 106 79
58 251 139
65 190 115
73 239 144
155 45 39
3 10 241
137 42 231
227 62 196
230 113 250
77 101 84
62 33 188
238 187 97
166 167 117
147 28 75
194 75 59
105 157 46
221 132 95
211 12 229
8 191 100
142 68 174
0 36 46
45 83 145
6 13 195
240 182 151
178 133 63
96 71 146
153 213 8
33 111 179
111 58 16
237 149 253
174 180 2
3 115 134
93 62 20
250 149 132
119 99 104
200 4 52
236 143 171
118 220 77
162 99 206
103 153 61
165 208 254
237 144 207
115 227 74
24 61 50
0 47 118
38 227 73
160 222 64
78 32 121
88 47 179
96 231 118
252 168 148
153 245 93
34 189 170
81 150 25
105 130 209
30 40 177
248 190 170
15 167 44
210 198 169
204 92 59
105 97 90
18 88 172
245 133 107
155 232 145
107 189 248
21 109 109
177 73 238
12 207 115
68 60 224
248 225 46
119 134 213
207 247 101
77 197 203
231 95 46
160 56 51
250 69 122
30 29 225
103 152 3
6 129 107
205 32 33
177 129 178
79 135 94
196 18 110
140 52 82
114 221 234
36 20 101
193 123 76
137 41 250
60 14 45
194 176 150
224 103 124
0 140 33
66 48 232
117 149 233
244 38 223
139 226 161
94 187 149
86 78 190
150 25 66
172 10 252
31 13 55
47 231 65
128 241 244
245 220 4
255 220 199
59 70 251
181 206 104
170 242 103
77 64 68
77 151 133
85 9 175
2 34 134
7 190 243
52 229 77
53 20 189
250 102 187
36 32 146
8 152 24
186 209 41
235 34 18
175 58 147
220 155 90
244 67 33
228 170 197
186 244 10
237 91 115
15 204 223
121 179 73
27 129 243
163 137 4
114 116 212
159 125 89
206 48 198
147 81 53
166 197 184
115 51 144
110 141 196
66 134 139
60 181 27
59 169 190
254 34 134
116 70 108
201 32 102
170 34 97
167 191 81
216 113 2
67 193 145
140 80 24
246 130 120
135 218 73
0 51 24
116 158 105
79 244 182
32 122 107
81 183 95
82 170 65
197 239 21
203 122 153
154 230 161
145 196 124
34 73 74
18 166 140
101 133 49
46 78 177
34 194 119
218 97 220
215 11 141
202 60 87
140 87 47
94 229 205
62 181 23
40 193 87
141 242 41
83 253 174
227 210 161
80 29 225
11 44 74
164 152 74
209 209 24
22 253 191
64 198 201
169 138 230
189 210 83
114 15 230
50 90 120
97 211 70
167 120 176
72 62 207
108 30 151
93 160 239
132 173 200
38 136 231
147 168 22
186 222 216
246 204 162
97 10 13
179 99 159
166 81 101
20 85 171
59 180 184
12 125 235
119 128 181
217 199 254
239 244 124
150 182 224
254 98 0
154 228 78
15 65 67
6 135 44
101 216 188
192 118 242
50 139 21
118 253 125
207 212 239
159 17 32
59 127 114
233 237 241
174 114 248
100 68 80
66 78 78
116 195 186
86 158 49
102 180 170
232 143 138
200 189 84
31 181 52
126 147 128
74 252 36
142 30 133
0 242 208
98 141 102
168 118 15
145 175 251
222 144 215
237 137 137
212 194 207
245 182 79
136 169 226
57 105 57
123 73 3
237 128 172
146 30 96
84 146 91
213 1 127
89 3 79
149 28 106
161 214 41
55 115 205
126 126 192
101 39 226
83 151 138
142 63 149
50 248 130
226 79 247
220 37 42
152 231 196
69 251 142
202 238 121
125 151 126
242 42 146
40 153 24
12 132 184
167 216 95
67 49 192
255 221 124
184 136 53
149 116 155
97 169 49
21 27 212
213 62 97
31 248 219
6 247 93
31 65 241
227 252 151
28 138 156
60 90 200
211 194 7
133 0 236
65 63 19
127 253 5
205 252 2
40 193 53
203 192 13
181 133 202
227 2 45
92 177 190
84 51 104
123 71 86
220 83 64
56 134 190
236 241 25
27 214 167
17 86 131
165 151 211
36 114 248
251 117 42
148 216 186
25 81 30
193 54 78
17 173 18
167 58 36
48 134 113
11 21 42
242 42 18
182 37 211
139 104 46
7 16 102
54 96 132
45 162 173
198 241 67
236 167 166
247 38 41
8 28 72
11 9 121
69 151 48
29 176 18
115 11 93
50 154 215
91 49 225
224 196 226
33 62 133
112 95 186
189 199 63
79 11 226
43 116 173
98 136 244
43 211 31
243 228 206
147 110 116
14 241 116
27 43 130
48 106 29
155 174 5
90 99 189
22 38 161
202 105 50
30 190 222
190 53 80
232 180 80
118 104 125
123 162 157
46 173 140
1 67 147
218 41 152
161 111 58
139 108 247
156 121 142
211 175 27
122 226 104
235 156 165
90 66 10
98 119 213
251 201 245
88 7 10
184 210 141
252 80 144
3 199 138
219 17 66
128 49 220
16 234 101
122 83 241
86 104 8
2 68 136
106 241 58
175 128 249
139 129 132
252 23 116
52 151 96
168 76 96
120 136 205
180 34 198
94 145 37
49 42 109
110 218 158
169 239 245
181 156 134
11 16 176
131 218 239
135 34 153
180 102 250
75 147 205
106 93 189
232 223 224
250 9 207
64 148 248
94 174 189
208 173 125
251 81 95
93 226 103
20 136 123
58 190 223
43 179 170
210 207 216
214 42 118
80 182 87
231 137 172
80 238 131
58 73 186
19 248 104
157 185 90
224 175 101
246 206 121
7 205 157
122 248 38
239 157 9
118 239 237
250 140 52
46 85 203
59 115 25
208 130 182
210 69 145
72 136 72
241 120 164
20 78 147
233 200 29
54 157 195
153 148 188
14 51 226
145 234 161
77 196 102
72 64 40
138 79 215
10 247 75
139 54 96
5 154 117
178 99 21
133 211 132
21 213 198
56 143 211
232 85 218
186 209 193
202 1 252
62 164 151
232 120 210
144 38 31
90 233 121
82 40 11
80 52 16
38 198 238
76 126 105
210 22 193
58 16 14
49 197 174
81 100 77
243 22 195
53 157 34
35 100 27
171 97 54
38 183 182
182 131 218
36 28 55
243 240 97
164 23 223
156 120 96
57 63 198
222 6 249
185 131 32
54 54 241
227 152 190
160 212 205
215 152 239
191 150 204
147 107 181
91 82 130
125 4 166
247 13 64
105 85 126
90 158 144
39 156 242
35 242 48
150 102 65
58 193 37
144 197 154
105 68 137
46 29 129
82 207 66
105 104 227
110 180 238
28 89 1
104 163 187
201 239 74
153 147 118
12 44 214
81 131 246
157 33 31
73 4 190
172 139 9
198 84 236
3 50 45
162 233 179
153 131 61
32 130 71
130 213 106
64 66 147
57 82 102
151 205 18
172 115 130
191 238 158
154 148 16
105 165 237
35 73 239
209 36 163
189 70 133
163 51 47
22 69 39
69 197 213
89 39 16
73 16 182
114 34 45
14 16 44
6 13 203
159 248 103
183 107 76
73 127 218
190 77 29
163 170 52
183 120 78
195 75 1
247 189 247
20 39 158
119 198 79
239 24 222
1 125 229
130 231 36
251 104 59
233 163 86
0 209 204
124 201 75
128 55 27
246 53 64
80 140 201
170 239 236
181 47 166
15 99 52
227 1 14
124 112 105
21 204 196
31 104 178
59 169 142
203 134 41
228 214 239
117 85 207
179 14 194
172 254 154
116 9 247
62 172 216
113 223 164
43 59 248
15 230 104
51 116 127
62 140 198
190 4 27
196 21 243
12 221 49
228 85 43
229 137 37
80 150 253
33 141 198
90 190 146
196 132 254
214 59 230
143 88 182
188 217 209
95 2 139
191 89 236
174 229 8
242 0 68
100 78 101
35 31 252
0 235 185
57 6 214
173 160 124
179 135 57
129 47 39
50 52 215
91 207 230
132 120 160
24 66 185
16 210 248
0 152 12
1 79 17
218 46 208
169 120 160
28 160 197
230 168 16
47 42 112
70 16 244
169 127 34
130 254 165
83 22 210
131 252 24
55 165 235
6 83 242
213 211 126
148 87 129
18 44 145
97 113 46
241 64 55
177 181 198
84 145 48
118 143 70
62 49 145
179 60 53
28 107 214
225 188 6
86 34 193
150 0 92
65 28 247
16 86 235
178 125 138
73 237 95
118 121 235
253 26 222
102 33 24
157 206 66
224 198 194
54 180 157
31 140 166
165 116 168
91 141 95
158 54 71
231 103 166
120 152 105
210 249 217
64 18 113
229 229 218
61 141 90
191 100 2
93 7 95
99 76 5
243 202 150
97 111 12
175 151 103
220 204 204
230 177 33
84 161 21
30 178 54
120 165 27
186 167 11
8 222 114
236 218 75
172 172 130
180 113 68
214 42 80
119 48 48
148 12 23
101 12 56
198 64 9
34 81 187
209 21 49
118 220 38
203 20 151
76 232 148
109 107 48
221 166 235
174 10 215
121 221 224
53 124 121
107 167 26
192 99 150
71 196 192
167 192 168
196 46 171
243 194 162
157 31 230
22 98 161
62 148 25
119 110 81
82 99 110
64 166 162
241 118 219
48 19 248
177 97 237
216 67 147
54 79 160
233 165 189
228 110 228
204 225 185
241 33 68
208 244 251
70 234 114
59 165 9
232 1 178
103 71 39
221 103 11
116 239 45
199 194 210
249 43 187
120 200 193
163 170 107
125 212 161
48 248 84
89 248 90
22 33 110
74 166 90
10 50 120
252 141 232
26 214 104
109 197 63
151 32 157
140 229 55
178 164 246
205 20 214
225 24 147
125 206 98
231 246 202
198 180 72
124 169 206
180 218 232
166 157 112
167 206 203
169 128 251
181 52 74
138 109 94
157 146 235
217 187 240
149 107 110
117 245 168
181 244 16
61 69 224
150 43 20
162 194 13
13 246 241
246 211 105
66 191 65
254 214 97
210 220 181
49 182 104
190 255 77
150 122 72
169 240 139
123 240 244
134 69 190
109 175 4
90 247 175
188 49 252
75 94 46
75 21 189
191 160 219
103 211 213
100 229 122
166 243 210
76 184 142
112 237 205
128 4 118
129 207 255
225 140 107
131 49 26
97 177 162
58 154 102
211 88 124
0 25 114
62 100 69
144 185 37
127 225 66
182 187 224
47 71 199
78 121 108
40 252 122
160 36 4
32 36 93
161 105 5
150 153 68
249 247 5
135 28 193
220 210 7
113 145 219
155 175 221
51 121 202
181 139 109
188 225 133
207 139 246
208 11 232
134 138 118
197 200 222
88 189 178
214 230 138
66 146 116
166 8 37
168 157 13
15 249 29
111 164 163
24 79 108
227 67 205
188 200 59
93 154 180
149 196 85
133 61 104
252 55 10
59 10 91
197 40 87
96 114 131
140 92 11
110 118 167
44 9 225
80 108 162
171 153 171
238 186 26
216 85 46
186 230 11
25 213 133
245 44 136
172 15 252
8 141 60
103 4 200
92 124 16
188 223 180
172 172 253
198 140 8
237 254 188
68 63 2
33 83 228
0 8 102
190 106 160
255 192 220
66 199 248
95 3 34
194 22 9
1 165 205
163 58 94
201 241 124
119 3 83
86 179 27
154 243 63
161 48 180
96 116 181
41 59 80
194 118 122
154 2 125
1 238 36
126 30 154
158 37 100
184 210 0
47 198 14
209 220 195
180 74 52
189 39 209
81 18 227
225 50 135
180 77 9
232 46 91
25 143 41
86 254 151
251 47 161
254 212 15
63 161 121
126 155 141
53 82 0
202 73 94
28 7 21
18 181 3
63 49 107
140 206 220
205 54 67
227 28 126
96 231 142
173 78 113
4 80 81
94 163 38
53 179 162
197 146 208
30 63 72
206 202 89
70 91 67
144 110 242
65 204 97
161 250 22
238 85 26
14 123 224
151 214 150
195 132 170
31 19 188
104 29 6
93 184 141
63 213 240
90 155 111
207 6 220
196 205 124
250 9 247
105 37 69
64 19 218
204 5 187
98 150 23
21 95 200
51 53 40
194 147 19
251 217 31
155 223 81
224 138 83
16 51 32
29 46 166
203 78 183
197 19 179
84 206 75
129 214 164
147 38 44
85 17 96
28 147 243
176 205 181
47 211 216
193 68 146
247 184 254
38 151 12
130 38 102
165 43 149
103 72 33
36 33 95
